// #############################################################################
// # SSeMU MU Online Emulator
// # https://www.ssemu.com.ar
// # https://www.facebook.com/ssemuemulator
// # https://www.youtube.com/@ssemu
// # ---------------------------------------------------------------------------
// # © 2023 SetecSoft Development
// # This file is part of the SSeMU MuOnline Server files.
// #############################################################################

0
// --------------------------------------------------------------
//                [0~30]        [1~255]     [1~255]     [*/0~8]
// MonsterIndex   SpawnRadius   LocationX   LocationY   Direction
// --------------------------------------------------------------
   101            0             10          26          1
   101            0             11          26          1
   101            0             27          12          1
   101            0             24          5           1
   101            0             24          4           1
   101            0             27          11          1
   101            0             23          24          1
   101            0             27          21          1
   101            0             19          19          1
   101            0             22          24          1
   101            0             23          29          1
   101            0             23          28          1
   101            0             33          9           1
   101            0             35          9           1
   101            0             39          18          1
   101            0             39          17          1
   101            0             39          16          1
   102            0             45          224         3
   101            0             48          193         1
   101            0             49          193         1
   102            0             66          71          3
   102            0             80          61          1
   101            0             90          164         1
   101            0             92          164         1
   101            0             91          164         1
   100            0             126         99          1
   100            0             123         99          1
   100            0             120         99          1
   100            0             117         99          1
   100            0             136         95          1
   100            0             139         95          1
   101            0             128         212         1
   101            0             130         213         1
   101            0             143         214         1
   101            0             155         230         5
   100            0             172         12          1
   100            0             166         12          1
   102            0             169         12          1
   102            0             175         12          1
   100            0             178         12          1
   100            0             177         103         1
   100            0             180         103         1
   100            0             183         103         1
   100            0             186         103         1
   100            0             189         103         1
   100            0             186         151         3
   100            0             196         33          1
   100            0             193         33          1
   100            0             202         93          1
   100            0             205         93          1
   100            0             198         130         1
   100            0             202         150         1
   100            0             232         46          3
   100            0             232         40          3
   100            0             232         37          3
   100            0             227         61          1
   100            0             229         93          1
   100            0             232         93          1
end

1
// ----------------------------------------------------------------------------------------------------------
//                [0~30]        [1~255]       [1~255]       [1~255]     [1~255]     [*/0~8]     [1~1000]
// MonsterIndex   SpawnRadius   RangeStartX   RangeStartY   RangeEndX   RangeEndY   Direction   MaxSpawnCount
// ----------------------------------------------------------------------------------------------------------
end

2
// --------------------------------------------------------------
//                [0~30]        [1~255]     [1~255]     [*/0~8]
// MonsterIndex   SpawnRadius   LocationX   LocationY   Direction
// --------------------------------------------------------------
   8              30            30          122         *
   8              30            40          98          *
   8              30            4           73          *
   8              30            12          56          *
   8              30            2           78          *
   16             30            108         9           *
   14             30            120         232         *
   14             30            107         230         *
   12             30            65          205         *
   14             30            84          244         *
   15             30            61          169         *
   14             30            94          242         *
   14             30            108         195         *
   14             30            94          208         *
   11             30            69          167         *
   12             30            87          177         *
   11             30            136         149         *
   12             30            70          195         *
   14             30            62          181         *
   12             30            61          213         *
   11             30            133         212         *
   12             30            69          222         *
   12             30            57          247         *
   12             30            49          246         *
   14             30            31          247         *
   14             30            3           246         *
   14             30            29          246         *
   14             30            83          198         *
   17             30            18          220         *
   14             30            33          209         *
   11             30            135         212         *
   12             30            86          196         *
   11             30            151         212         *
   11             30            168         220         *
   12             30            46          210         *
   14             30            45          201         *
   12             30            46          205         *
   11             30            46          146         *
   11             30            49          182         *
   11             30            44          162         *
   11             30            45          180         *
   11             30            45          183         *
   11             30            164         232         *
   12             30            137         241         *
   12             30            130         244         *
   11             30            92          157         *
   11             30            102         174         *
   11             30            113         166         *
   15             30            217         229         *
   11             30            222         223         *
   11             30            163         184         *
   11             30            164         186         *
   17             30            230         173         *
   17             30            236         167         *
   11             30            150         193         *
   11             30            142         218         *
   12             30            134         240         *
   17             30            241         173         *
   11             30            199         116         *
   5              30            170         126         *
   14             30            120         243         *
   11             30            240         247         *
   11             30            242         247         *
   11             30            241         226         *
   11             30            246         220         *
   11             30            243         201         *
   5              30            163         114         *
   11             30            244         192         *
   11             30            213         248         *
   17             30            173         200         *
   11             30            148         149         *
   5              30            163         125         *
   15             30            141         110         *
   5              30            145         118         *
   13             30            112         93          *
   15             30            98          54          *
   14             30            99          49          *
   13             30            104         65          *
   13             30            183         27          *
   8              30            187         15          *
   8              30            158         17          *
   16             30            159         41          *
   16             30            115         8           *
   5              30            123         120         *
   15             30            114         110         *
   15             30            68          110         *
   15             30            76          111         *
   16             30            124         20          *
   16             30            90          6           *
   13             30            114         20          *
   5              30            138         86          *
   16             30            212         83          *
   16             30            211         90          *
   16             30            226         58          *
   16             30            239         56          *
   16             30            235         23          *
   13             30            247         87          *
   11             30            247         7           *
   11             30            240         7           *
   11             30            241         9           *
   9              30            28          18          *
   9              30            22          4           *
   9              30            18          29          *
   9              30            18          23          *
   9              30            34          4           *
   8              30            119         47          *
   9              30            22          90          *
   9              30            33          78          *
   8              30            25          100         *
   16             30            29          80          *
   9              30            42          117         *
   10             30            14          107         *
   8              30            21          82          *
   10             30            22          65          *
   10             30            39          77          *
   10             30            29          66          *
   8              30            16          55          *
   8              30            35          55          *
   8              30            116         47          *
   8              30            122         46          *
   8              30            193         30          *
   5              30            120         75          *
   13             30            149         94          *
   5              30            81          58          *
   13             30            126         94          *
   5              30            71          53          *
   5              30            69          88          *
   16             30            86          105         *
   16             30            88          104         *
   5              30            98          111         *
   15             30            156         125         *
   17             30            165         171         *
   17             30            208         162         *
   17             30            220         161         *
   17             30            176         188         *
   17             30            168         150         *
   17             30            156         171         *
   17             30            176         161         *
   17             30            185         161         *
   17             30            181         171         *
   17             30            198         168         *
   17             30            190         172         *
   11             30            227         248         *
   11             30            181         246         *
   14             30            152         247         *
   17             30            128         232         *
   14             30            156         247         *
   12             30            193         224         *
   12             30            194         222         *
   12             30            194         221         *
   11             30            86          150         *
   11             30            98          145         *
   12             30            79          154         *
   12             30            78          189         *
   14             30            97          187         *
   14             30            105         208         *
   14             30            85          208         *
   14             30            84          220         *
   14             30            85          229         *
   12             30            100         198         *
   12             30            95          192         *
   12             30            90          187         *
   14             30            68          227         *
   14             30            61          238         *
   14             30            73          245         *
   12             30            73          241         *
   14             30            3           232         *
   14             30            3           219         *
   14             30            7           219         *
   14             30            17          211         *
   17             30            13          235         *
   17             30            27          236         *
   11             30            45          188         *
   11             30            53          188         *
   11             30            52          166         *
   11             30            62          154         *
   11             30            70          154         *
   11             30            77          152         *
   11             30            110         145         *
   11             30            119         146         *
   11             30            120         159         *
   11             30            111         188         *
   11             30            125         195         *
   11             30            135         196         *
   11             30            144         187         *
   11             30            125         218         *
   17             30            143         232         *
   17             30            50          211         *
   11             30            197         245         *
   11             30            247         211         *
   11             30            231         186         *
   11             30            223         187         *
   11             30            213         186         *
   11             30            209         175         *
   15             30            193         148         *
   15             30            188         145         *
   15             30            206         152         *
   15             30            212         151         *
   17             30            220         172         *
   17             30            247         168         *
   15             30            247         176         *
   17             30            52          222         *
   17             30            50          235         *
   17             30            38          234         *
   17             30            16          227         *
   17             30            25          220         *
   17             30            235         108         *
   17             30            228         105         *
   17             30            214         116         *
   11             30            183         128         *
   15             30            175         127         *
   15             30            175         118         *
   15             30            183         123         *
   5              30            87          114         *
   5              30            65          127         *
   15             30            68          125         *
   15             30            80          97          *
   5              30            70          76          *
   13             30            168         96          *
   13             30            196         100         *
   16             30            240         77          *
   16             30            247         77          *
   16             30            248         20          *
   16             30            244         9           *
   16             30            229         11          *
   8              30            205         24          *
   16             30            155         32          *
   16             30            137         33          *
   16             30            122         29          *
   9              30            118         11          *
   16             30            48          11          *
   9              30            38          23          *
   9              30            160         10          *
   9              30            194         18          *
   9              30            213         12          *
   9              30            221         14          *
   9              30            243         16          *
   9              30            233         66          *
   8              30            39          112         *
   8              30            26          111         *
   8              30            15          113         *
   8              30            12          97          *
   8              30            44          56          *
   10             30            41          88          *
   10             30            19          120         *
   10             30            37          98          *
   9              30            30          105         *
   9              30            27          53          *
   9              30            10          68          *
   9              30            33          90          *
   9              30            12          121         *
   18             30            43          111         *
   18             30            8           123         *
   18             30            7           56          *
   18             30            26          67          *
end