// #############################################################################
// # SSeMU MU Online Emulator
// # https://www.ssemu.com.ar
// # https://www.facebook.com/ssemuemulator
// # https://www.youtube.com/@ssemu
// # ---------------------------------------------------------------------------
// # © 2023 SetecSoft Development
// # This file is part of the SSeMU MuOnline Server files.
// #############################################################################

0
// --------------------------------------------------------------
//                [0~30]        [1~255]     [1~255]     [*/0~8]
// MonsterIndex   SpawnRadius   LocationX   LocationY   Direction
// --------------------------------------------------------------
    240            0             199         74          3      //NPC Vault
    243            0             200         77          3      //Eo the Craftsman (Dialogo)
    249            0             211         82          1      //Guard
     249            0             206         82          1      //Guard
     247            5             203         75          3      //Guard
     236            0             213         78          5      //Golden Archer
    103            0             5           175         3
   103            0             6           175         3
   103            0             4           175         3
   103            0             15          172         3
   103            0             15          173         3
   103            0             15          174         3
   103            0             14          207         3
   103            0             4           194         3
   103            0             5           194         3
   103            0             6           194         3
   103            0             14          208         3
   103            0             5           237         3
   103            0             6           237         3
   103            0             7           237         3
   103            0             26          104         3
   103            0             26          103         3
   103            0             26          102         3
   103            0             26          101         3
   103            0             30          101         3
   103            0             30          100         3
   103            0             30          99          3
   103            0             29          125         1
   103            0             28          125         1
   103            0             27          125         1
   103            0             26          125         1
   103            0             27          128         1
   103            0             27          129         1
   103            0             27          130         1
   103            0             21          243         3
   103            0             22          243         3
   103            0             23          243         3
   103            0             45          110         1
   103            0             45          110         1
   103            0             45          110         5
   103            0             45          109         5
   103            0             45          108         5
   103            0             38          110         5
   103            0             38          109         5
   103            0             38          108         5
   103            0             35          125         1
   103            0             34          125         1
   103            0             33          125         1
   103            0             36          125         1
   103            0             37          119         3
   103            0             37          120         3
   103            0             34          128         1
   103            0             34          129         1
   103            0             34          130         1
   103            0             47          131         1
   103            0             47          132         1
   103            0             41          132         1
   103            0             41          133         1
   103            0             36          133         1
   103            0             36          134         1
   103            0             46          169         3
   103            0             46          170         3
   103            0             46          171         3
   103            0             46          172         3
   103            0             42          245         3
   103            0             42          246         3
   103            0             52          114         3
   103            0             53          114         3
   103            0             54          114         3
   103            0             53          178         3
   103            0             54          178         3
   103            0             52          178         3
   103            0             51          198         3
   103            0             51          199         3
   103            0             51          200         3
   103            0             51          201         3
   103            0             85          120         3
   103            0             86          120         3
   103            0             84          120         3
   103            0             93          131         3
   103            0             93          130         3
   103            0             93          132         3
   103            0             82          175         3
   103            0             83          175         3
   103            0             84          175         3
   103            0             85          175         3
   103            0             82          184         3
   103            0             83          184         3
   103            0             84          184         3
   103            0             82          201         3
   103            0             83          201         3
   103            0             84          201         3
   103            0             93          243         3
   103            0             93          244         3
   103            0             93          245         3
   103            0             93          246         3
   103            0             100         185         3
   103            0             101         185         3
   103            0             102         185         3
   103            0             103         185         3
   103            0             98          225         3
   103            0             99          225         3
   103            0             100         225         3
   103            0             101         225         3
   103            0             111         227         3
   103            0             110         227         3
   103            0             107         242         3
   103            0             107         243         3
   103            0             107         244         3
   103            0             126         104         3
   103            0             126         105         3
   103            0             126         106         3
   103            0             126         107         3
   103            0             126         115         3
   103            0             127         115         3
   103            0             125         115         3
   103            0             123         135         3
   103            0             123         134         3
   103            0             123         133         3
   103            0             123         132         3
   103            0             121         208         3
   103            0             122         208         3
   103            0             120         208         3
   103            0             112         227         3
   103            0             113         227         3
   103            0             132         126         3
   103            0             133         126         3
   103            0             134         126         3
   103            0             132         178         3
   103            0             133         178         3
   103            0             128         221         3
   103            0             129         221         3
   103            0             130         221         3
   103            0             202         45          3
   103            0             202         46          3
   103            0             202         47          3
   103            0             196         62          3
   103            0             198         62          3
   103            0             197         62          3
   103            0             199         62          3
   103            0             196         58          3
   103            0             196         57          3
   103            0             196         56          3
   103            0             202         48          3
   103            0             219         234         1
   103            0             219         235         1
   103            0             219         236         1
   103            0             219         237         1
   103            0             226         115         3
   103            0             226         116         3
   103            0             226         117         3
   103            0             226         233         1
   103            0             227         233         1
   103            0             228         233         1
end

1
// ----------------------------------------------------------------------------------------------------------
//                [0~30]        [1~255]       [1~255]       [1~255]     [1~255]     [*/0~8]     [1~1000]
// MonsterIndex   SpawnRadius   RangeStartX   RangeStartY   RangeEndX   RangeEndY   Direction   MaxSpawnCount
// ----------------------------------------------------------------------------------------------------------
end

2
// --------------------------------------------------------------
//                [0~30]        [1~255]     [1~255]     [*/0~8]
// MonsterIndex   SpawnRadius   LocationX   LocationY   Direction
// --------------------------------------------------------------
   35             30            29          208         *
   40             30            30          183         *
   35             30            33          206         *
   40             30            54          213         *
   36             30            193         239         *
   36             30            191         131         *
   36             30            191         118         *
   36             30            164         29          *
   36             30            164         37          *
   36             30            164         48          *
   36             30            164         63          *
   36             30            164         74          *
   36             30            164         98          *
   36             30            164         112         *
   36             30            164         126         *
   36             30            175         127         *
   36             30            184         128         *
   36             30            199         134         *
   36             30            206         136         *
   36             30            227         136         *
   36             30            242         135         *
   39             30            243         125         *
   36             30            229         127         *
   39             30            245         109         *
   36             30            217         127         *
   36             30            244         89          *
   36             30            207         127         *
   39             30            219         6           *
   39             30            244         53          *
   36             30            235         56          *
   36             30            235         38          *
   36             30            236         26          *
   36             30            235         15          *
   36             30            226         14          *
   36             30            211         15          *
   36             30            210         101         *
   36             30            210         114         *
   39             30            239         7           *
   39             30            244         25          *
   39             30            243         40          *
   36             30            244         8           *
   39             30            243         65          *
   36             30            195         99          *
   39             30            244         82          *
   39             30            244         92          *
   36             30            226         118         *
   36             30            235         110         *
   36             30            235         87          *
   36             30            199         124         *
   36             30            193         108         *
   36             30            209         94          *
   36             30            235         73          *
   36             30            196         89          *
   36             30            219         94          *
   36             30            190         29          *
   39             30            210         23          *
   39             30            226         22          *
   39             30            227         33          *
   39             30            227         54          *
   39             30            228         67          *
   39             30            228         81          *
   39             30            228         104         *
   39             30            191         16          *
   39             30            220         79          *
   39             30            219         60          *
   39             30            219         45          *
   39             30            219         34          *
   39             30            202         38          *
   36             30            205         62          *
   39             30            208         166         *
   39             30            196         166         *
   39             30            188         165         *
   39             30            179         165         *
   39             30            165         183         *
   34             30            167         197         *
   39             30            167         211         *
   34             30            192         203         *
   39             30            165         241         *
   39             30            184         246         *
   34             30            191         244         *
   39             30            200         245         *
   39             30            214         245         *
   39             30            228         245         *
   39             30            245         246         *
   34             30            235         237         *
   34             30            224         235         *
   34             30            206         237         *
   34             30            200         228         *
   34             30            209         212         *
   34             30            225         196         *
   34             30            209         190         *
   34             30            198         192         *
   34             30            187         184         *
   34             30            193         173         *
   34             30            172         177         *
   39             30            198         184         *
   39             30            217         196         *
   39             30            227         212         *
   39             30            217         217         *
   39             30            201         216         *
   39             30            191         238         *
   39             30            193         217         *
   39             30            178         224         *
   39             30            178         210         *
   39             30            177         195         *
   41             30            126         246         *
   41             30            133         235         *
   41             30            133         225         *
   34             30            133         185         *
   41             30            133         209         *
   34             30            132         201         *
   41             30            125         189         *
   41             30            128         175         *
   34             30            134         166         *
   41             30            129         167         *
   41             30            97          184         *
   41             30            107         168         *
   34             30            95          173         *
   41             30            89          174         *
   41             30            83          183         *
   34             30            86          190         *
   41             30            83          201         *
   41             30            83          213         *
   41             30            89          224         *
   34             30            84          237         *
   41             30            86          245         *
   34             30            98          245         *
   41             30            108         245         *
   41             30            116         244         *
   41             30            118         229         *
   41             30            116         211         *
   41             30            111         194         *
   41             30            115         178         *
   41             30            97          202         *
   41             30            97          214         *
   41             30            102         225         *
   41             30            98          236         *
   34             30            111         219         *
   34             30            123         224         *
   41             30            116         134         *
   41             30            97          133         *
   41             30            85          132         *
   41             30            85          116         *
   41             30            85          96          *
   41             30            101         87          *
   41             30            118         89          *
   37             30            133         87          *
   41             30            116         113         *
   41             30            133         115         *
   37             30            104         136         *
   41             30            124         136         *
   37             30            96          116         *
   37             30            94          100         *
   37             30            89          135         *
   37             30            133         98          *
   41             30            106         112         *
   41             30            95          106         *
   37             30            112         87          *
   37             30            133         109         *
   37             30            121         119         *
   37             30            123         130         *
   37             30            87          7           *
   37             30            97          6           *
   40             30            117         8           *
   37             30            124         11          *
   37             30            133         26          *
   37             30            134         37          *
   37             30            134         49          *
   40             30            123         54          *
   37             30            115         53          *
   37             30            98          54          *
   37             30            84          54          *
   37             30            93          41          *
   37             30            99          40          *
   37             30            101         29          *
   37             30            98          17          *
   37             30            112         16          *
   37             30            124         41          *
   37             30            111         39          *
   40             30            86          41          *
   40             30            98          24          *
   40             30            115         28          *
   40             30            55          15          *
   40             30            46          13          *
   37             30            39          11          *
   40             30            22          17          *
   37             30            14          24          *
   37             30            53          39          *
   40             30            10          41          *
   37             30            7           52          *
   40             30            15          54          *
   37             30            25          49          *
   40             30            38          48          *
   40             30            48          48          *
   40             30            41          57          *
   34             30            123         201         *
   40             30            55          28          *
   35             30            46          25          *
   37             30            30          32          *
   35             30            23          40          *
   40             30            22          30          *
   40             30            39          38          *
   40             30            6           98          *
   40             30            33          86          *
   40             30            46          86          *
   40             30            55          87          *
   40             30            53          97          *
   35             30            42          97          *
   40             30            35          98          *
   40             30            25          98          *
   35             30            15          127         *
   40             30            8           107         *
   40             30            53          116         *
   40             30            41          121         *
   34             30            115         167         *
   40             30            25          135         *
   40             30            42          135         *
   40             30            52          135         *
   35             30            30          171         *
   40             30            38          227         *
   35             30            8           191         *
   40             30            51          183         *
   35             30            8           211         *
   35             30            8           231         *
   35             30            15          244         *
   35             30            18          107         *
   35             30            39          246         *
   35             30            11          175         *
   35             30            54          220         *
   35             30            31          127         *
   35             30            55          195         *
   34             30            105         175         *
   35             30            55          174         *
   38             30            31          212         *
   35             30            30          233         *
   35             30            21          216         *
   35             30            38          212         *
   35             30            29          200         *
   40             30            24          189         *
   40             30            48          167         *
   40             30            41          167         *
   35             30            38          234         *
   37             30            38          201         *
   37             30            18          200         *
   37             30            13          191         *
   37             30            38          192         *
   34             30            215         174         *
   34             30            245         168         *
   34             30            235         214         *
   34             30            165         223         *
   34             30            127         239         *
   34             30            125         180         *
   34             30            113         189         *
   34             30            98          231         *
   37             30            89          119         *
   37             30            86          100         *
   37             30            108         116         *
   37             30            126         108         *
   37             30            86          26          *
   37             30            111         26          *
   37             30            48          17          *
   37             30            13          9           *
   37             30            16          41          *
   37             30            38          53          *
   37             30            54          51          *
   37             30            45          32          *
   37             30            25          86          *
   37             30            52          92          *
   37             30            30          102         *
   35             30            34          108         *
   35             30            53          111         *
   35             30            45          137         *
   35             30            11          96          *
   35             30            43          170         *
   35             30            8           220         *
   35             30            27          247         *
   35             30            54          232         *
   35             30            24          225         *
   36             30            164         16          *
   36             30            164         87          *
   36             30            200         104         *
   36             30            205         87          *
   36             30            219         68          *
   36             30            211         64          *
   36             30            209         52          *
   36             30            210         41          *
   36             30            210         32          *
   36             30            194         23          *
   36             30            204         15          *
   36             30            236         44          *
   36             30            235         98          *
   36             30            222         109         *
   36             30            218         87          *
   36             30            228         91          *
   36             30            244         15          *
   36             30            228         7           *
   36             30            202         25          *
   39             30            226         166         *
   39             30            239         167         *
   39             30            227         175         *
   39             30            239         174         *
   39             30            245         179         *
   39             30            245         189         *
   39             30            245         200         *
   39             30            246         212         *
   39             30            245         224         *
   39             30            237         226         *
   39             30            236         220         *
   39             30            238         208         *
   39             30            237         201         *
   39             30            232         196         *
   39             30            238         184         *
   39             30            224         185         *
   39             30            216         183         *
   39             30            207         178         *
   39             30            196         176         *
   39             30            187         192         *
   39             30            185         201         *
   39             30            187         209         *
   39             30            185         220         *
   39             30            175         217         *
   39             30            176         245         *
   39             30            206         244         *
   39             30            215         209         *
   39             30            184         173         *
   39             30            172         188         *
   39             30            173         171         *
   39             30            206         200         *
   39             30            218         229         *
   34             30            112         235         *
   34             30            83          220         *
   34             30            90          239         *
   34             30            133         215         *
   34             30            88          206         *
   34             30            121         235         *
   41             30            104         183         *
   41             30            86          109         *
   41             30            96          86          *
   41             30            128         86          *
   41             30            122         101         *
   41             30            101         100         *
   41             30            86          125         *
   41             30            132         124         *
   37             30            110         100         *
   40             30            103         8           *
   37             30            128         6           *
   40             30            127         34          *
   40             30            130         48          *
   40             30            105         55          *
   40             30            84          16          *
   40             30            124         24          *
   35             30            14          15          *
   35             30            13          33          *
   35             30            30          39          *
   35             30            55          8           *
   35             30            44          41          *
   35             30            8           25          *
   35             30            37          21          *
   35             30            29          24          *
   35             30            19          97          *
   35             30            42          109         *
   35             30            22          121         *
   35             30            5           122         *
   35             30            5           132         *
   35             30            14          137         *
   35             30            38          184         *
   35             30            36          174         *
   35             30            23          174         *
   35             30            18          168         *
   35             30            7           184         *
   35             30            8           200         *
   35             30            19          208         *
   35             30            50          241         *
   35             30            54          205         *
   40             30            46          208         *
   40             30            18          183         *
   40             30            14          224         *
   40             30            7           240         *
   40             30            48          232         *
   40             30            48          215         *
   40             30            49          191         *
   40             30            48          174         *
   38             30            28          212         *
   40             30            23          239         *
   35             30            23          195         *
   35             30            31          191         *
   35             30            25          167         *
   40             30            11          168         *
   40             30            4           177         *
   40             30            47          247         *
   34             30            104         232         *
   34             30            102         217         *
   34             30            103         205         *
   41             30            103         197         *
   41             30            97          196         *
   34             30            101         188         *
   34             30            110         206         *
   41             30            115         199         *
   41             30            135         174         *
   41             30            122         167         *
   41             30            101         168         *
   34             30            96          167         *
   37             30            26          108         *
   40             30            19          86          *
   40             30            15          119         *
   35             30            34          137         *
   35             30            54          121         *
   35             30            30          10          *
   40             30            24          9           *
   40             30            30          17          *
   40             30            110         8           *
   40             30            134         8           *
   40             30            135         17          *
   40             30            111         46          *
   40             30            99          48          *
   40             30            85          49          *
   40             30            91          56          *
   39             30            195         32          *
   39             30            189         38          *
   36             30            195         40          *
   39             30            189         48          *
   39             30            196         54          *
   36             30            190         59          *
   36             30            197         64          *
   39             30            203         50          *
   36             30            244         72          *
   36             30            244         100         *
   36             30            245         117         *
   39             30            236         127         *
   36             30            219         117         *
   36             30            209         107         *
   36             30            201         113         *
   36             30            212         87          *
   39             30            196         207         *
   39             30            195         200         *
   39             30            230         229         *
   34             30            238         213         *
   34             30            210         225         *
   34             30            215         236         *
   39             30            173         227         *
   39             30            183         233         *
   39             30            173         237         *
end