// #############################################################################
// # SSeMU MU Online Emulator
// # https://www.ssemu.com.ar
// # https://www.facebook.com/ssemuemulator
// # https://www.youtube.com/@ssemu
// # ---------------------------------------------------------------------------
// # © 2023 SetecSoft Development
// # This file is part of the SSeMU MuOnline Server files.
// #############################################################################

0
// --------------------------------------------------------------
//                [0~30]        [1~255]     [1~255]     [*/0~8]
// MonsterIndex   SpawnRadius   LocationX   LocationY   Direction
// --------------------------------------------------------------
    240            0             15          12          3      //NPC Vault
    231            0             15          15          3      //Thompson Kenel (Dialogo)
end

1
// ----------------------------------------------------------------------------------------------------------
//                [0~30]        [1~255]       [1~255]       [1~255]     [1~255]     [*/0~8]     [1~1000]
// MonsterIndex   SpawnRadius   RangeStartX   RangeStartY   RangeEndX   RangeEndY   Direction   MaxSpawnCount
// ----------------------------------------------------------------------------------------------------------
end

2
// --------------------------------------------------------------
//                [0~30]        [1~255]     [1~255]     [*/0~8]
// MonsterIndex   SpawnRadius   LocationX   LocationY   Direction
// --------------------------------------------------------------
   48             30            236         177         *
   51             30            212         96          *
   45             30            21          41          *
   45             30            23          33          *
   45             30            31          31          *
   45             30            39          23          *
   45             30            41          11          *
   45             30            21          48          *
   45             30            47          41          *
   45             30            39          63          *
   45             30            72          42          *
   45             30            23          56          *
   45             30            23          64          *
   45             30            35          70          *
   45             30            29          75          *
   45             30            62          21          *
   45             30            78          19          *
   45             30            67          36          *
   45             30            24          86          *
   45             30            48          57          *
   45             30            45          70          *
   45             30            19          125         *
   45             30            49          8           *
   45             30            46          20          *
   45             30            39          35          *
   45             30            37          50          *
   45             30            20          75          *
   45             30            63          44          *
   45             30            68          52          *
   45             30            49          64          *
   45             30            29          52          *
   46             30            46          21          *
   46             30            48          9           *
   46             30            50          65          *
   46             30            51          70          *
   46             30            80          33          *
   46             30            62          17          *
   46             30            61          11          *
   46             30            69          19          *
   46             30            75          15          *
   46             30            83          15          *
   46             30            84          21          *
   46             30            67          27          *
   46             30            59          34          *
   46             30            86          37          *
   46             30            78          44          *
   46             30            71          52          *
   46             30            65          59          *
   46             30            65          51          *
   46             30            55          44          *
   46             30            40          48          *
   46             30            31          53          *
   46             30            24          90          *
   46             30            21          100         *
   46             30            25          105         *
   46             30            30          110         *
   46             30            21          118         *
   46             30            38          117         *
   46             30            141         11          *
   46             30            127         17          *
   46             30            114         26          *
   46             30            107         18          *
   46             30            104         13          *
   46             30            115         12          *
   46             30            89          62          *
   46             30            75          76          *
   46             30            69          87          *
   46             30            50          93          *
   46             30            23          72          *
   46             30            78          23          *
   46             30            70          38          *
   46             30            55          25          *
   46             30            30          122         *
   46             30            17          126         *
   46             30            122         29          *
   46             30            108         40          *
   48             30            66          222         *
   48             30            63          218         *
   48             30            57          225         *
   48             30            171         162         *
   48             30            175         169         *
   48             30            178         174         *
   48             30            173         179         *
   48             30            171         187         *
   48             30            165         193         *
   48             30            159         198         *
   48             30            152         201         *
   48             30            144         201         *
   48             30            137         205         *
   48             30            124         206         *
   48             30            115         210         *
   48             30            104         211         *
   48             30            94          210         *
   48             30            87          214         *
   48             30            76          215         *
   48             30            47          224         *
   48             30            46          217         *
   48             30            29          226         *
   48             30            22          213         *
   48             30            24          204         *
   48             30            34          200         *
   48             30            35          209         *
   48             30            40          210         *
   48             30            45          205         *
   48             30            47          211         *
   48             30            37          232         *
   48             30            226         52          *
   48             30            22          230         *
   48             30            41          224         *
   48             30            82          215         *
   48             30            167         156         *
   48             30            177         146         *
   52             30            156         156         *
   52             30            162         149         *
   52             30            152         169         *
   52             30            72          128         *
   52             30            70          138         *
   52             30            61          147         *
   52             30            49          158         *
   52             30            33          169         *
   52             30            22          173         *
   52             30            55          181         *
   52             30            67          186         *
   52             30            73          180         *
   52             30            89          184         *
   52             30            101         183         *
   52             30            111         183         *
   52             30            122         178         *
   52             30            129         171         *
   52             30            138         167         *
   52             30            147         164         *
   52             30            170         145         *
   52             30            163         138         *
   52             30            53          220         *
   52             30            41          222         *
   52             30            29          231         *
   52             30            22          232         *
   52             30            27          209         *
   52             30            36          205         *
   52             30            109         211         *
   52             30            131         207         *
   52             30            155         196         *
   52             30            167         154         *
   52             30            177         19          *
   52             30            118         167         *
   52             30            111         175         *
   52             30            63          178         *
   52             30            162         141         *
   52             30            138         176         *
   47             30            41          109         *
   47             30            49          100         *
   47             30            54          89          *
   47             30            62          87          *
   47             30            71          82          *
   47             30            79          70          *
   47             30            85          64          *
   47             30            94          60          *
   47             30            101         50          *
   47             30            106         48          *
   47             30            112         45          *
   47             30            109         38          *
   47             30            118         37          *
   47             30            122         29          *
   47             30            119         20          *
   47             30            124         14          *
   47             30            133         14          *
   47             30            150         14          *
   47             30            161         11          *
   47             30            166         16          *
   47             30            171         18          *
   47             30            182         14          *
   47             30            190         24          *
   47             30            196         27          *
   47             30            200         17          *
   47             30            208         9           *
   47             30            218         47          *
   47             30            222         14          *
   47             30            117         74          *
   47             30            139         61          *
   47             30            152         61          *
   47             30            172         55          *
   47             30            189         56          *
   47             30            226         46          *
   47             30            240         11          *
   47             30            227         16          *
   47             30            152         22          *
   47             30            142         15          *
   47             30            128         22          *
   47             30            116         9           *
   47             30            113         27          *
   47             30            33          108         *
   47             30            35          118         *
   51             30            228         16          *
   51             30            237         17          *
   51             30            237         26          *
   51             30            238         40          *
   51             30            235         48          *
   51             30            251         51          *
   51             30            206         55          *
   51             30            200         49          *
   51             30            193         52          *
   51             30            184         52          *
   51             30            178         58          *
   51             30            170         61          *
   51             30            156         59          *
   51             30            144         63          *
   51             30            133         61          *
   51             30            133         70          *
   51             30            125         78          *
   51             30            118         85          *
   51             30            124         90          *
   51             30            116         98          *
   51             30            106         101         *
   51             30            99          108         *
   51             30            91          115         *
   51             30            81          123         *
   51             30            126         167         *
   51             30            111         174         *
   51             30            90          177         *
   51             30            76          180         *
   51             30            62          178         *
   51             30            42          178         *
   51             30            27          161         *
   51             30            42          152         *
   51             30            19          159         *
   51             30            62          140         *
   51             30            70          133         *
   51             30            168         54          *
   51             30            7           52          *
   51             30            225         45          *
   51             30            207         9           *
   51             30            154         69          *
   51             30            111         82          *
   51             30            81          116         *
   51             30            72          125         *
   51             30            122         66          *
   49             30            19          230         *
   49             30            24          227         *
   51             30            219         56          *
   51             30            215         65          *
   51             30            232         55          *
   51             30            231         64          *
   51             30            238         71          *
   51             30            229         74          *
   51             30            217         75          *
   51             30            225         81          *
   51             30            215         86          *
   51             30            223         89          *
   51             30            218         101         *
   51             30            232         95          *
   52             30            223         70          *
   52             30            211         59          *
   52             30            232         86          *
   52             30            208         104         *
   52             30            235         106         *
   52             30            224         108         *
   48             30            219         124         *
   51             30            225         117         *
   48             30            227         123         *
   48             30            219         133         *
   48             30            226         134         *
   52             30            224         142         *
   48             30            226         154         *
   48             30            221         150         *
   48             30            220         168         *
   48             30            232         166         *
   48             30            231         176         *
   48             30            217         197         *
   48             30            215         182         *
   49             30            211         192         *
   49             30            229         203         *
   52             30            208         183         *
   52             30            215         174         *
   48             30            222         190         *
   48             30            229         190         *
   52             30            230         181         *
   52             30            226         161         *
   52             30            208         198         *
   48             30            232         206         *
   48             30            231         196         *
   48             30            223         202         *
   48             30            224         184         *
   48             30            230         171         *
   48             30            221         158         *
   48             30            233         124         *
   48             30            232         102         *
   52             30            200         103         *
   52             30            192         101         *
   52             30            179         92          *
   52             30            187         94          *
   52             30            177         101         *
   52             30            166         117         *
   52             30            159         112         *
   52             30            156         122         *
   52             30            173         109         *
   52             30            167         107         *
   52             30            150         120         *
   52             30            142         125         *
   51             30            136         129         *
   52             30            129         130         *
   52             30            117         130         *
   52             30            121         135         *
   52             30            144         109         *
   52             30            122         144         *
   52             30            112         137         *
   52             30            101         147         *
   52             30            97          142         *
   52             30            144         132         *
   52             30            93          136         *
   52             30            90          148         *
   52             30            124         125         *
   52             30            87          132         *
   52             30            86          140         *
   52             30            78          145         *
   52             30            79          136         *
   52             30            67          147         *
   52             30            71          140         *
   52             30            105         137         *
   51             30            83          155         *
   52             30            81          164         *
   52             30            70          168         *
   52             30            76          174         *
   52             30            85          185         *
   52             30            87          175         *
   51             30            65          187         *
   51             30            64          159         *
   51             30            186         99          *
   51             30            185         90          *
   51             30            147         114         *
   51             30            84          170         *
   48             30            15          234         *
   48             30            20          237         *
   48             30            34          237         *
   48             30            47          231         *
   48             30            54          232         *
   48             30            20          218         *
   48             30            34          176         *
end